2
16 2
-16.0004 -8.61297 -7.52447 
4.29204 6.4456 -5.68676 
6.90064 6.41576 2.67757 
4.89995 -3.71669 4.05342 
7.55926 4.41821 4.70451 
4.72526 -5.6544 1.72907 
8.55991 6.14765 7.07776 
3.70464 13.1652 -4.56012 
7.83156 6.73104 9.79016 
4.54223 10.8988 8.64929 
8.58388 7.49735 10.7463 
8.17851 11.8663 10.4344 
9.66705 8.42201 10.9065 
10.9204 10.1013 11.1758 
10.0655 10.6732 10.2782 
10.9239 9.75832 12.6868 
1 16
10.0065 12.2865 -2.2482 6.06924 -3.21706 12.8801 -4.38483 12.4488 -6.55037 6.39303 -5.74245 3.46817 -3.05117 -0.66983 0.922129 -3.48257 -5.25901 

