2
7 49
-0.0986557 -0.099369 -0.098747 0.670932 0.650705 0.141216 -0.0856158 -0.084923 -0.0753781 -1.76383 1.41532 -0.307753 -2.8838 0.210751 0.419034 0.408053 -3.11584 0.728586 -1.66973 0.455218 0.659706 0.667729 0.989479 1.52866 -1.70807 -1.69161 2.5389 0.994297 0.995721 0.572983 0.87711 3.2889 3.26595 3.01471 1.77064 1.77046 -1.21509 -4.99014 2.65194 -2.13197 2.91014 2.34179 2.3412 2.34063 2.32185 1.45627 2.32945 2.32962 2.32827 -1.90946 
2.38113 2.38043 2.3806 2.43019 2.44154 2.40434 2.38988 2.38981 2.39321 2.3412 2.30613 2.20748 2.09172 2.33576 2.35622 2.35478 2.16878 2.35993 2.25704 2.33816 2.34038 2.33976 2.34459 2.35278 2.1563 2.24723 2.48512 2.33841 2.33825 2.25213 2.71942 2.71882 2.42447 2.51146 2.43124 2.43044 2.38012 1.96809 2.36741 2.22296 2.3842 2.39973 2.39984 2.39998 2.39694 2.39025 2.39847 2.39914 2.39893 2.33904 
2.39157 2.39114 2.39232 2.41464 2.41871 2.4014 2.3942 2.39387 2.39551 2.37135 2.35392 2.31105 2.26755 2.37544 2.38519 2.38446 2.30207 2.39179 2.34401 2.38228 2.38182 2.38193 2.38559 2.39126 2.29973 2.34402 2.45498 2.38191 2.3825 2.34656 2.55718 2.55169 2.40296 2.4446 2.40383 2.40475 2.38149 2.19869 2.37455 2.31063 2.38795 2.39686 2.39542 2.3961 2.3946 2.39086 2.39637 2.39626 2.39614 2.37098 
2.39322 2.39341 2.39235 2.40157 2.40446 2.39465 2.39159 2.39181 2.39287 2.38119 2.3657 2.34865 2.34035 2.38847 2.39432 2.39263 2.35511 2.39236 2.37793 2.39339 2.39487 2.39362 2.3952 2.3934 2.3505 2.37105 2.42518 2.3916 2.39244 2.37903 2.46327 2.45828 2.3811 2.40557 2.38792 2.38698 2.37784 2.29619 2.36828 2.34539 2.38667 2.39069 2.39048 2.39027 2.389 2.38818 2.39066 2.39081 2.39073 2.36249 
2.38689 2.38652 2.38677 2.39291 2.39388 2.38706 2.38443 2.3855 2.38605 2.37555 2.36338 2.35108 2.35093 2.38409 2.38805 2.38714 2.35927 2.38504 2.37613 2.38912 2.38852 2.38923 2.39019 2.38609 2.35513 2.37086 2.41058 2.38575 2.38632 2.37775 2.43432 2.4287 2.37133 2.3915 2.37865 2.37796 2.37159 2.31435 2.36392 2.34828 2.38078 2.38302 2.38301 2.38271 2.38318 2.38091 2.38332 2.38239 2.38299 2.35696 
2.37973 2.37967 2.37921 2.3802 2.38124 2.37826 2.37771 2.37707 2.37793 2.37158 2.35982 2.35605 2.36818 2.38103 2.38284 2.38199 2.36893 2.37713 2.38033 2.38446 2.38436 2.38477 2.3856 2.37643 2.36419 2.37043 2.39113 2.38086 2.38093 2.37926 2.39162 2.38615 2.35667 2.36973 2.36608 2.36647 2.36463 2.34121 2.35399 2.35415 2.3726 2.37468 2.3742 2.37482 2.37512 2.37436 2.37514 2.37409 2.37503 2.34395 
2.36974 2.37071 2.37072 2.35519 2.3511 2.3599 2.36341 2.36358 2.36388 2.36665 2.34199 2.36474 2.4319 2.38105 2.37655 2.37767 2.4057 2.34442 2.39932 2.38199 2.38171 2.38149 2.37837 2.34234 2.38607 2.36415 2.32822 2.3677 2.36764 2.39191 2.24289 2.24364 2.29282 2.299 2.32766 2.3274 2.33814 2.41996 2.30691 2.36341 2.35063 2.34751 2.34756 2.34849 2.34882 2.35016 2.34845 2.34806 2.3486 2.27083 
1 7
-11.5873 1.00359 0.804889 0.664026 0.527503 0.502056 0.694059 0.24146 

